0.197319,
0.168767,
0.163791,
0.124243,
0.149365,
0.145792,
0.117182,
0.112719,
0.086416,
0.163209,
0.10979,
0.143537,
0.179254,
0.126905,
0.143039,
0.111912,
0.099725,
0.185194,
0.132245,
0.156151,
0.176355,
0.179133,
0.131195,
0.131112,
0.137492,
0.157922,
0.01392,
0.143589,
0.116053,
0.182016,
0.165909,
0.146639,
0.153309,
0.183021,
0.146005,
0.167372,
0.120493,
0.115017,
0.150463,
0.143992,
0.193055,
0.192537,
0.146425,
0.164873,
0.15283,
0.120445,
0.16612,
0.180777,
0.124405,
0.084617,
0.159803,
0.128497,
0.24858,
0.278328,
0.092769,
0.199366,
0.188763,
0.095499,
0.127819,
0.166279,
0.102566,
0.161779,
0.125919,
0.129703,
0.212463,
0.13261,
0.1585,
0.17761,
0.058938,
0.232981,
0.113616,
0.16921,
0.255098,
0.140779,
0.096654,
0.106409,
0.102665,
0.16815,
0.149314,
0.143957,
0.120988,
0.136236,
0.266126,
0.160442,
0.16467,
0.131664,
0.250222,
0.10239,
0.1564,
0.169051,
0.195985,
0.155402,
0.118103,
0.119567,
0.199969,
0.255994,
0.170943,
0.186343,
0.107921,
0.074604,
0.145392,
0.160668,
0.12377,
0.2078,
0.189678,
0.124855,
0.278055,
0.225301,
0.170885,
0.181968,
0.125309,
0.131747,
0.33039,
0.152092,
0.167425,
0.149815,
0.202286,
0.11252,
0.152305,
0.79111,
0.169755,
0.159677,
0.154258,
0.126527,
0.146027,
0.120911,
0.122384,
0.140912,
0.168556,
0.153888,
0.145799
