0.376092
0.378173
0.450305
0.35858
0.418054
0.398922
0.389933
0.454987
0.358926
0.281419
0.363534
0.372302
0.384069
0.371064
0.388924
0.452559
0.45464
0.357143
0.404314
0.381071
0.259497
0.358629
0.344361
0.596587
0.379907
0.609134
0.31315
0.358926
0.49296
0.473193
0.348375
0.447878
0.431058
0.478048
0.518548
0.397593
0.562838
0.359967
0.323703
0.361007
0.454467
0.421868
0.68196
0.450825
0.400194
0.560311
0.309137
0.300722
0.421695
0.407477
0.451346
0.401928
0.336336
0.455585
0.384762
1.035995
0.403142
0.462963
0.364822
0.6263
0.447878
0.193359
0.429968
0.427247
0.291154
0.695138
0.559867
0.453773
0.249524
0.419441
0.398892
0.446837
0.386323
0.384935
0.483857
0.390657
0.418227
0.38719
0.394125
0.527596
0.515036
0.419094
0.398133
0.548165
0.469032
0.351297
0.508875
0.459668
0.42655
0.329053
0.297842
0.414239
0.444236
0.431752
0.541801
0.371758
0.321473
0.317658
0.370891
0.420135
0.428111
0.393961
0.457068
0.410424
0.383882
0.45412
0.486931
0.391004
0.446152
0.407824
0.419441
0.38823
0.376393
0.366209
0.397246
0.445248
0.329103
0.372798
0.411465
0.346293
0.434006
0.608317
0.498318
0.220482
0.459148
0.420655
0.437301
0.363955
0.247566
0.366803
0.372971
0.35043
0.437792
0.384589
0.354765
0.465564
0.433543
0.382843
0.262373
0.395513
0.212093
0.400577
0.349335
0.62422
0.397073
0.609086
0.426724
0.543071
0.430546
0.378
0.422735
0.57671
0.531974
0.696005
0.769425
0.531063
0.436607
0.368983
0.293434
0.587287
0.362047
0.319909
0.372104
0.315825
0.344535
0.052351
0.326955
0.315677
0.686344
0.440015
0.436557
0.428804
0.382335
0.367943
0.383028
0.464523
0.4725
0.374358
0.431925
0.708143
0.420308
0.337079
0.356697
0.42603
0.285803
0.319244
0.326378
0.849385
0.236402
0.341389
0.18325
0.440967